Username,Password,Profile
abc,,daily
xyz,,daily
